
  Terms: amount $1018849.76 periods 60 rate 0.0066000 pay end of period

  Period      Beginning        Payment       Principal       Interest
    1        1018849.76       20619.61        13895.20        6724.41
    2        1004954.56       20619.61        13986.91        6632.70
    3         990967.64       20619.61        14079.23        6540.39
    4         976888.42       20619.61        14172.15        6447.46
    5         962716.27       20619.61        14265.69        6353.93
    6         948450.58       20619.61        14359.84        6259.77
    7         934090.74       20619.61        14454.61        6165.00
    8         919636.13       20619.61        14550.01        6069.60
    9         905086.11       20619.61        14646.04        5973.57
   10         890440.07       20619.61        14742.71        5876.90
   11         875697.36       20619.61        14840.01        5779.60
   12         860857.35       20619.61        14937.95        5681.66
   13         845919.39       20619.61        15036.55        5583.07
   14         830882.85       20619.61        15135.79        5483.83
   15         815747.06       20619.61        15235.68        5383.93
   16         800511.38       20619.61        15336.24        5283.38
   17         785175.14       20619.61        15437.46        5182.16
   18         769737.68       20619.61        15539.34        5080.27
   19         754198.34       20619.61        15641.90        4977.71
   20         738556.44       20619.61        15745.14        4874.47
   21         722811.30       20619.61        15849.06        4770.55
   22         706962.24       20619.61        15953.66        4665.95
   23         691008.58       20619.61        16058.96        4560.66
   24         674949.62       20619.61        16164.95        4454.67
   25         658784.67       20619.61        16271.63        4347.98
   26         642513.04       20619.61        16379.03        4240.59
   27         626134.01       20619.61        16487.13        4132.48
   28         609646.88       20619.61        16595.94        4023.67
   29         593050.94       20619.61        16705.48        3914.14
   30         576345.46       20619.61        16815.73        3803.88
   31         559529.73       20619.61        16926.72        3692.90
   32         542603.01       20619.61        17038.43        3581.18
   33         525564.58       20619.61        17150.89        3468.73
   34         508413.69       20619.61        17264.08        3355.53
   35         491149.61       20619.61        17378.03        3241.59
   36         473771.58       20619.61        17492.72        3126.89
   37         456278.86       20619.61        17608.17        3011.44
   38         438670.69       20619.61        17724.39        2895.23
   39         420946.30       20619.61        17841.37        2778.25
   40         403104.94       20619.61        17959.12        2660.49
   41         385145.82       20619.61        18077.65        2541.96
   42         367068.17       20619.61        18196.96        2422.65
   43         348871.20       20619.61        18317.06        2302.55
   44         330554.14       20619.61        18437.96        2181.66
   45         312116.18       20619.61        18559.65        2059.97
   46         293556.54       20619.61        18682.14        1937.47
   47         274874.40       20619.61        18805.44        1814.17
   48         256068.96       20619.61        18929.56        1690.06
   49         237139.40       20619.61        19054.49        1565.12
   50         218084.90       20619.61        19180.25        1439.36
   51         198904.65       20619.61        19306.84        1312.77
   52         179597.81       20619.61        19434.27        1185.35
   53         160163.54       20619.61        19562.53        1057.08
   54         140601.01       20619.61        19691.65         927.97
   55         120909.36       20619.61        19821.61         798.00
   56         101087.75       20619.61        19952.43         667.18
   57          81135.32       20619.61        20084.12         535.49
   58          61051.20       20619.61        20216.68         402.94
   59          40834.52       20619.61        20350.11         269.51
   60          20484.42       20619.61        20484.42         135.20

   Total                    1237176.79      1018849.76      218327.03
